# CPU,RAM,NetworkR,NetworkW,DiskW,DiskR
5.908629670739173889e-02,6.073359772562980652e-02,1.000000000000000000e+00,9.737935066223144531e-01,9.765661358833312988e-01,9.778550863265991211e-01
2.016081660985946655e-02,5.469435453414916992e-01,9.122757911682128906e-01,9.263859987258911133e-01,9.554868936538696289e-01,7.382465600967407227e-01
2.140647731721401215e-02,2.867604792118072510e-01,8.179137110710144043e-01,8.950988650321960449e-01,9.348063468933105469e-01,8.990521430969238281e-01
2.030186355113983154e-02,3.029636144638061523e-01,8.316537737846374512e-01,8.860620260238647461e-01,8.021723031997680664e-01,8.679184317588806152e-01
2.016675658524036407e-02,2.451512664556503296e-01,7.837923765182495117e-01,8.516612052917480469e-01,5.766693949699401855e-01,7.057099938392639160e-01
2.157647162675857544e-02,2.418433725833892822e-01,4.968268573284149170e-01,7.166510820388793945e-01,4.617097973823547363e-01,6.518572568893432617e-01
2.175576984882354736e-02,3.355635106563568115e-01,3.495863378047943115e-01,6.100356578826904297e-01,3.996935188770294189e-01,6.027681231498718262e-01
2.492452412843704224e-02,2.074904292821884155e-01,3.876656889915466309e-01,5.510690212249755859e-01,5.078819990158081055e-01,7.536076307296752930e-01
1.363093554973602295e-01,4.617670774459838867e-01,2.355871051549911499e-01,3.512243628501892090e-01,5.199415087699890137e-01,8.006088137626647949e-01
1.000000000000000000e+00,1.000000000000000000e+00,2.704350277781486511e-02,0.000000000000000000e+00,0.000000000000000000e+00,0.000000000000000000e+00
